0.0
3.50786608547e-321
1.18575755002e-322
6.81810591261e-322
3.50786608547e-321
5.04441024404e-321
1.72922976044e-322
3.21142669797e-322
3.21142669797e-322
3.21142669797e-322
0.0
9.88131291682e-323
4.94065645841e-323
0.0
1.53160350211e-322
0.0
0.0
0.0
0.0
0.0
4.94065645841e-323
7.90505033346e-322
0.0
8.3991159793e-323
0.0
1.33397724377e-322
0.0
3.21142669797e-322
0.0
6.42285339594e-323
5.04441024404e-321
2.71736105213e-322
2.71736105213e-322
2.61854792296e-322
2.61854792296e-322
2.61854792296e-322
2.61854792296e-322
2.47032822921e-322
2.47032822921e-322
2.47032822921e-322
2.47032822921e-322
2.47032822921e-322
2.47032822921e-322
1.82804288961e-322
3.80430547298e-322
1.92685601878e-322
1.92685601878e-322
1.48219693752e-322
1.92685601878e-322
1.92685601878e-322
0.0
2.02566914795e-322
3.35964639172e-322
0.0
0.0
3.35964639172e-322
6.81810591261e-322
2.02566914795e-322
0.0
0.0
8.3991159793e-323
0.0
0.0
0.0
4.94065645841e-323
0.0
1.18575755002e-322
0.0
5.82997462093e-322
2.47032822921e-322
1.72922976044e-322
9.73309322307e-322
2.47032822921e-322
1.09682573377e-321
4.44659081257e-322
4.69362363549e-322
4.59481050632e-322
4.49599737716e-322
4.49599737716e-322
4.44659081257e-322
4.44659081257e-322
1.10670704668e-321
4.59481050632e-322
4.69362363549e-322
4.59481050632e-322
4.49599737716e-322
4.49599737716e-322
4.44659081257e-322
4.44659081257e-322
1.72922976044e-322
1.72922976044e-322
1.72922976044e-322
1.72922976044e-322
1.72922976044e-322
4.3477776834e-322
1.92685601878e-322
1.92685601878e-322
1.82804288961e-322
1.72922976044e-322
1.72922976044e-322
